HEADER    VIRUS                                   01-APR-85   4SBV              
TITLE     THE REFINEMENT OF SOUTHERN BEAN MOSAIC VIRUS IN RECIPROCAL SPACE      
COMPND    MOL_ID: 1;                                                            
COMPND   2 MOLECULE: SOUTHERN BEAN MOSAIC VIRUS COAT PROTEIN;                   
COMPND   3 CHAIN: A, B, C;                                                      
COMPND   4 ENGINEERED: YES                                                      
SOURCE    MOL_ID: 1;                                                            
SOURCE   2 ORGANISM_SCIENTIFIC: SOUTHERN BEAN MOSAIC VIRUS;                     
SOURCE   3 ORGANISM_TAXID: 12139;                                               
SOURCE   4 STRAIN: COW PEA STRAIN                                               
KEYWDS    COAT PROTEIN (VIRAL), ICOSAHEDRAL VIRUS, VIRUS                        
EXPDTA    X-RAY DIFFRACTION                                                     
AUTHOR    M.G.ROSSMANN                                                          
REVDAT   4   21-MAR-12 4SBV    1       VERSN  REMARK                            
REVDAT   3   24-FEB-09 4SBV    1       VERSN                                    
REVDAT   2   19-APR-89 4SBV    1       SEQRES                                   
REVDAT   1   17-JUL-85 4SBV    0                                                
SPRSDE     17-JUL-85 4SBV      3SBV                                             
JRNL        AUTH   A.M.SILVA,M.G.ROSSMANN                                       
JRNL        TITL   THE REFINEMENT OF SOUTHERN BEAN MOSAIC VIRUS IN RECIPROCAL   
JRNL        TITL 2 SPACE                                                        
JRNL        REF    ACTA CRYSTALLOGR.,SECT.B      V.  41   147 1985              
JRNL        REFN                   ISSN 0108-7681                               
REMARK   1                                                                      
REMARK   1 REFERENCE 1                                                          
REMARK   1  AUTH   M.G.ROSSMANN,C.ABAD-ZAPATERO,M.A.HERMODSON,J.W.ERICKSON      
REMARK   1  TITL   SUBUNIT INTERACTIONS IN SOUTHERN BEAN MOSAIC VIRUS           
REMARK   1  REF    J.MOL.BIOL.                   V. 166    37 1983              
REMARK   1  REFN                   ISSN 0022-2836                               
REMARK   1 REFERENCE 2                                                          
REMARK   1  AUTH   M.G.ROSSMANN,C.ABAD-ZAPATERO,M.R.MURTHY,L.LILJAS,T.A.JONES,  
REMARK   1  AUTH 2 B.STRANDBERG                                                 
REMARK   1  TITL   STRUCTURAL COMPARISONS OF SMALL SPHERICAL PLANT VIRUSES      
REMARK   1  REF    J.MOL.BIOL.                   V. 165   711 1983              
REMARK   1  REFN                   ISSN 0022-2836                               
REMARK   1 REFERENCE 3                                                          
REMARK   1  AUTH   M.A.HERMODSON,C.ABAD-ZAPATERO,S.S.ABDEL-MEGUID,S.PUNDAK,     
REMARK   1  AUTH 2 M.G.ROSSMANN,J.H.TREMAINE                                    
REMARK   1  TITL   AMINO ACID SEQUENCE OF SOUTHERN BEAN MOSAIC VIRUS COAT       
REMARK   1  TITL 2 PROTEIN AND ITS RELATION TO THE THREE-DIMENSIONAL STRUCTURE  
REMARK   1  TITL 3 OF THE VIRUS                                                 
REMARK   1  REF    VIROLOGY                      V. 119   133 1982              
REMARK   1  REFN                   ISSN 0042-6822                               
REMARK   1 REFERENCE 4                                                          
REMARK   1  AUTH   C.ABAD-ZAPATERO,S.S.ABDEL-MEGUID,J.E.JOHNSON,A.G.W.LESLIE,   
REMARK   1  AUTH 2 I.RAYMENT,M.G.ROSSMANN,D.SUCK,T.TSUKIHARA                    
REMARK   1  TITL   A DESCRIPTION OF TECHNIQUES USED IN THE STRUCTURE            
REMARK   1  TITL 2 DETERMINATION OF SOUTHERN BEAN MOSAIC VIRUS AT 2.8 ANGSTROMS 
REMARK   1  TITL 3 RESOLUTION                                                   
REMARK   1  REF    ACTA CRYSTALLOGR.,SECT.B      V.  37  2002 1981              
REMARK   1  REFN                   ISSN 0108-7681                               
REMARK   1 REFERENCE 5                                                          
REMARK   1  AUTH   C.ABAD-ZAPATERO,S.S.ABDEL-MEGUID,J.E.JOHNSON,A.G.W.LESLIE,   
REMARK   1  AUTH 2 I.RAYMENT,M.G.ROSSMANN,D.SUCK,T.TSUKIHARA                    
REMARK   1  TITL   SOUTHERN BEAN MOSAIC VIRUS AT 2.8 ANGSTROMS RESOLUTION       
REMARK   1  REF    NATURE                        V. 286    33 1980              
REMARK   1  REFN                   ISSN 0028-0836                               
REMARK   1 REFERENCE 6                                                          
REMARK   1  AUTH   I.RAYMENT,J.E.JOHNSON,M.G.ROSSMANN                           
REMARK   1  TITL   METAL-FREE SOUTHERN BEAN MOSAIC VIRUS CRYSTALS               
REMARK   1  REF    J.BIOL.CHEM.                  V. 254  5243 1979              
REMARK   1  REFN                   ISSN 0021-9258                               
REMARK   1 REFERENCE 7                                                          
REMARK   1  AUTH   D.SUCK,I.RAYMENT,J.E.JOHNSON,M.G.ROSSMANN                    
REMARK   1  TITL   THE STRUCTURE OF SOUTHERN BEAN MOSAIC VIRUS AT 5 ANGSTROMS   
REMARK   1  TITL 2 RESOLUTION                                                   
REMARK   1  REF    VIROLOGY                      V.  85   187 1978              
REMARK   1  REFN                   ISSN 0042-6822                               
REMARK   1 REFERENCE 8                                                          
REMARK   1  AUTH   I.RAYMENT,J.E.JOHNSON,D.SUCK,T.AKIMOTO,M.G.ROSSMANN,         
REMARK   1  AUTH 2 K.LONBERG-HOLM,B.D.KORANT                                    
REMARK   1  TITL   AN 11 ANGSTROMS-RESOLUTION ELECTRON DENSITY MAP OF SOUTHERN  
REMARK   1  TITL 2 BEAN MOSAIC VIRUS                                            
REMARK   1  REF    ACTA CRYSTALLOGR.,SECT.B      V.  34   567 1978              
REMARK   1  REFN                   ISSN 0108-7681                               
REMARK   1 REFERENCE 9                                                          
REMARK   1  AUTH   J.E.JOHNSON,T.AKIMOTO,D.SUCK,I.RAYMENT,M.G.ROSSMANN          
REMARK   1  TITL   THE STRUCTURE OF SOUTHERN BEAN MOSAIC VIRUS AT 22.5          
REMARK   1  TITL 2 ANGSTROMS RESOLUTION                                         
REMARK   1  REF    VIROLOGY                      V.  75   394 1976              
REMARK   1  REFN                   ISSN 0042-6822                               
REMARK   2                                                                      
REMARK   2 RESOLUTION.    2.80 ANGSTROMS.                                       
REMARK   3                                                                      
REMARK   3 REFINEMENT.                                                          
REMARK   3   PROGRAM     : NULL                                                 
REMARK   3   AUTHORS     : NULL                                                 
REMARK   3                                                                      
REMARK   3  DATA USED IN REFINEMENT.                                            
REMARK   3   RESOLUTION RANGE HIGH (ANGSTROMS) : 2.80                           
REMARK   3   RESOLUTION RANGE LOW  (ANGSTROMS) : NULL                           
REMARK   3   DATA CUTOFF            (SIGMA(F)) : NULL                           
REMARK   3   DATA CUTOFF HIGH         (ABS(F)) : NULL                           
REMARK   3   DATA CUTOFF LOW          (ABS(F)) : NULL                           
REMARK   3   COMPLETENESS (WORKING+TEST)   (%) : NULL                           
REMARK   3   NUMBER OF REFLECTIONS             : NULL                           
REMARK   3                                                                      
REMARK   3  FIT TO DATA USED IN REFINEMENT.                                     
REMARK   3   CROSS-VALIDATION METHOD          : NULL                            
REMARK   3   FREE R VALUE TEST SET SELECTION  : NULL                            
REMARK   3   R VALUE            (WORKING SET) : 0.254                           
REMARK   3   FREE R VALUE                     : NULL                            
REMARK   3   FREE R VALUE TEST SET SIZE   (%) : NULL                            
REMARK   3   FREE R VALUE TEST SET COUNT      : NULL                            
REMARK   3   ESTIMATED ERROR OF FREE R VALUE  : NULL                            
REMARK   3                                                                      
REMARK   3  FIT IN THE HIGHEST RESOLUTION BIN.                                  
REMARK   3   TOTAL NUMBER OF BINS USED           : NULL                         
REMARK   3   BIN RESOLUTION RANGE HIGH       (A) : NULL                         
REMARK   3   BIN RESOLUTION RANGE LOW        (A) : NULL                         
REMARK   3   BIN COMPLETENESS (WORKING+TEST) (%) : NULL                         
REMARK   3   REFLECTIONS IN BIN    (WORKING SET) : NULL                         
REMARK   3   BIN R VALUE           (WORKING SET) : NULL                         
REMARK   3   BIN FREE R VALUE                    : NULL                         
REMARK   3   BIN FREE R VALUE TEST SET SIZE  (%) : NULL                         
REMARK   3   BIN FREE R VALUE TEST SET COUNT     : NULL                         
REMARK   3   ESTIMATED ERROR OF BIN FREE R VALUE : NULL                         
REMARK   3                                                                      
REMARK   3  NUMBER OF NON-HYDROGEN ATOMS USED IN REFINEMENT.                    
REMARK   3   PROTEIN ATOMS            : 4686                                    
REMARK   3   NUCLEIC ACID ATOMS       : 0                                       
REMARK   3   HETEROGEN ATOMS          : 3                                       
REMARK   3   SOLVENT ATOMS            : 34                                      
REMARK   3                                                                      
REMARK   3  B VALUES.                                                           
REMARK   3   FROM WILSON PLOT           (A**2) : NULL                           
REMARK   3   MEAN B VALUE      (OVERALL, A**2) : NULL                           
REMARK   3   OVERALL ANISOTROPIC B VALUE.                                       
REMARK   3    B11 (A**2) : NULL                                                 
REMARK   3    B22 (A**2) : NULL                                                 
REMARK   3    B33 (A**2) : NULL                                                 
REMARK   3    B12 (A**2) : NULL                                                 
REMARK   3    B13 (A**2) : NULL                                                 
REMARK   3    B23 (A**2) : NULL                                                 
REMARK   3                                                                      
REMARK   3  ESTIMATED COORDINATE ERROR.                                         
REMARK   3   ESD FROM LUZZATI PLOT        (A) : NULL                            
REMARK   3   ESD FROM SIGMAA              (A) : NULL                            
REMARK   3   LOW RESOLUTION CUTOFF        (A) : NULL                            
REMARK   3                                                                      
REMARK   3  CROSS-VALIDATED ESTIMATED COORDINATE ERROR.                         
REMARK   3   ESD FROM C-V LUZZATI PLOT    (A) : NULL                            
REMARK   3   ESD FROM C-V SIGMAA          (A) : NULL                            
REMARK   3                                                                      
REMARK   3  RMS DEVIATIONS FROM IDEAL VALUES.                                   
REMARK   3   BOND LENGTHS                 (A) : NULL                            
REMARK   3   BOND ANGLES            (DEGREES) : NULL                            
REMARK   3   DIHEDRAL ANGLES        (DEGREES) : NULL                            
REMARK   3   IMPROPER ANGLES        (DEGREES) : NULL                            
REMARK   3                                                                      
REMARK   3  ISOTROPIC THERMAL MODEL : NULL                                      
REMARK   3                                                                      
REMARK   3  ISOTROPIC THERMAL FACTOR RESTRAINTS.    RMS    SIGMA                
REMARK   3   MAIN-CHAIN BOND              (A**2) : NULL  ; NULL                 
REMARK   3   MAIN-CHAIN ANGLE             (A**2) : NULL  ; NULL                 
REMARK   3   SIDE-CHAIN BOND              (A**2) : NULL  ; NULL                 
REMARK   3   SIDE-CHAIN ANGLE             (A**2) : NULL  ; NULL                 
REMARK   3                                                                      
REMARK   3  NCS MODEL : NULL                                                    
REMARK   3                                                                      
REMARK   3  NCS RESTRAINTS.                         RMS   SIGMA/WEIGHT          
REMARK   3   GROUP  1  POSITIONAL            (A) : NULL  ; NULL                 
REMARK   3   GROUP  1  B-FACTOR           (A**2) : NULL  ; NULL                 
REMARK   3                                                                      
REMARK   3  PARAMETER FILE  1  : NULL                                           
REMARK   3  TOPOLOGY FILE  1   : NULL                                           
REMARK   3                                                                      
REMARK   3  OTHER REFINEMENT REMARKS: NULL                                      
REMARK   4                                                                      
REMARK   4 4SBV COMPLIES WITH FORMAT V. 3.30, 13-JUL-11                         
REMARK 100                                                                      
REMARK 100 THIS ENTRY HAS BEEN PROCESSED BY BNL.                                
REMARK 200                                                                      
REMARK 200 EXPERIMENTAL DETAILS                                                 
REMARK 200  EXPERIMENT TYPE                : X-RAY DIFFRACTION                  
REMARK 200  DATE OF DATA COLLECTION        : NULL                               
REMARK 200  TEMPERATURE           (KELVIN) : NULL                               
REMARK 200  PH                             : NULL                               
REMARK 200  NUMBER OF CRYSTALS USED        : NULL                               
REMARK 200                                                                      
REMARK 200  SYNCHROTRON              (Y/N) : NULL                               
REMARK 200  RADIATION SOURCE               : NULL                               
REMARK 200  BEAMLINE                       : NULL                               
REMARK 200  X-RAY GENERATOR MODEL          : NULL                               
REMARK 200  MONOCHROMATIC OR LAUE    (M/L) : NULL                               
REMARK 200  WAVELENGTH OR RANGE        (A) : NULL                               
REMARK 200  MONOCHROMATOR                  : NULL                               
REMARK 200  OPTICS                         : NULL                               
REMARK 200                                                                      
REMARK 200  DETECTOR TYPE                  : NULL                               
REMARK 200  DETECTOR MANUFACTURER          : NULL                               
REMARK 200  INTENSITY-INTEGRATION SOFTWARE : NULL                               
REMARK 200  DATA SCALING SOFTWARE          : NULL                               
REMARK 200                                                                      
REMARK 200  NUMBER OF UNIQUE REFLECTIONS   : NULL                               
REMARK 200  RESOLUTION RANGE HIGH      (A) : NULL                               
REMARK 200  RESOLUTION RANGE LOW       (A) : NULL                               
REMARK 200  REJECTION CRITERIA  (SIGMA(I)) : NULL                               
REMARK 200                                                                      
REMARK 200 OVERALL.                                                             
REMARK 200  COMPLETENESS FOR RANGE     (%) : NULL                               
REMARK 200  DATA REDUNDANCY                : NULL                               
REMARK 200  R MERGE                    (I) : NULL                               
REMARK 200  R SYM                      (I) : NULL                               
REMARK 200  <I/SIGMA(I)> FOR THE DATA SET  : NULL                               
REMARK 200                                                                      
REMARK 200 IN THE HIGHEST RESOLUTION SHELL.                                     
REMARK 200  HIGHEST RESOLUTION SHELL, RANGE HIGH (A) : NULL                     
REMARK 200  HIGHEST RESOLUTION SHELL, RANGE LOW  (A) : NULL                     
REMARK 200  COMPLETENESS FOR SHELL     (%) : NULL                               
REMARK 200  DATA REDUNDANCY IN SHELL       : NULL                               
REMARK 200  R MERGE FOR SHELL          (I) : NULL                               
REMARK 200  R SYM FOR SHELL            (I) : NULL                               
REMARK 200  <I/SIGMA(I)> FOR SHELL         : NULL                               
REMARK 200                                                                      
REMARK 200 DIFFRACTION PROTOCOL: NULL                                           
REMARK 200 METHOD USED TO DETERMINE THE STRUCTURE: NULL                         
REMARK 200 SOFTWARE USED: NULL                                                  
REMARK 200 STARTING MODEL: NULL                                                 
REMARK 200                                                                      
REMARK 200 REMARK: NULL                                                         
REMARK 280                                                                      
REMARK 280 CRYSTAL                                                              
REMARK 280 SOLVENT CONTENT, VS   (%): 42.56                                     
REMARK 280 MATTHEWS COEFFICIENT, VM (ANGSTROMS**3/DA): 2.14                     
REMARK 280                                                                      
REMARK 280 CRYSTALLIZATION CONDITIONS: NULL                                     
REMARK 285                                                                      
REMARK 285 THE ENTRY PRESENTED HERE DOES NOT CONTAIN THE COMPLETE               
REMARK 285 CRYSTAL ASYMMETRIC UNIT. IN ADDITION, THE COORDINATES                
REMARK 285 ARE NOT PRESENTED IN THE STANDARD CRYSTAL FRAME.                     
REMARK 285                                                                      
REMARK 285 IN ORDER TO GENERATE THE FULL CRYSTAL AU, APPLY THE                  
REMARK 285 FOLLOWING TRANSFORMATION MATRIX OR MATRICES AND SELECTED             
REMARK 285 BIOMT RECORDS TO THE COORDINATES, AS SHOWN BELOW.                    
REMARK 285 X0  1   -1.000000   0.000000   0.000000    0.00000                   
REMARK 285 X0  2    0.000000  -0.934172   0.356823    0.00000                   
REMARK 285 X0  3    0.000000   0.356823   0.934172    0.00000                   
REMARK 285 CRYSTAL AU =                                                         
REMARK 285 (X0) * (BIOMT 1-10) * CHAINS A,B,C                                   
REMARK 290                                                                      
REMARK 290 CRYSTALLOGRAPHIC SYMMETRY                                            
REMARK 290 SYMMETRY OPERATORS FOR SPACE GROUP: H 3 2                            
REMARK 290                                                                      
REMARK 290      SYMOP   SYMMETRY                                                
REMARK 290     NNNMMM   OPERATOR                                                
REMARK 290       1555   X,Y,Z                                                   
REMARK 290       2555   -Y,X-Y,Z                                                
REMARK 290       3555   -X+Y,-X,Z                                               
REMARK 290       4555   Y,X,-Z                                                  
REMARK 290       5555   X-Y,-Y,-Z                                               
REMARK 290       6555   -X,-X+Y,-Z                                              
REMARK 290       7555   X+2/3,Y+1/3,Z+1/3                                       
REMARK 290       8555   -Y+2/3,X-Y+1/3,Z+1/3                                    
REMARK 290       9555   -X+Y+2/3,-X+1/3,Z+1/3                                   
REMARK 290      10555   Y+2/3,X+1/3,-Z+1/3                                      
REMARK 290      11555   X-Y+2/3,-Y+1/3,-Z+1/3                                   
REMARK 290      12555   -X+2/3,-X+Y+1/3,-Z+1/3                                  
REMARK 290      13555   X+1/3,Y+2/3,Z+2/3                                       
REMARK 290      14555   -Y+1/3,X-Y+2/3,Z+2/3                                    
REMARK 290      15555   -X+Y+1/3,-X+2/3,Z+2/3                                   
REMARK 290      16555   Y+1/3,X+2/3,-Z+2/3                                      
REMARK 290      17555   X-Y+1/3,-Y+2/3,-Z+2/3                                   
REMARK 290      18555   -X+1/3,-X+Y+2/3,-Z+2/3                                  
REMARK 290                                                                      
REMARK 290     WHERE NNN -> OPERATOR NUMBER                                     
REMARK 290           MMM -> TRANSLATION VECTOR                                  
REMARK 290                                                                      
REMARK 290 CRYSTALLOGRAPHIC SYMMETRY TRANSFORMATIONS                            
REMARK 290 THE FOLLOWING TRANSFORMATIONS OPERATE ON THE ATOM/HETATM             
REMARK 290 RECORDS IN THIS ENTRY TO PRODUCE CRYSTALLOGRAPHICALLY                
REMARK 290 RELATED MOLECULES.                                                   
REMARK 290   SMTRY1   1  1.000000  0.000000  0.000000        0.00000            
REMARK 290   SMTRY2   1  0.000000  1.000000  0.000000        0.00000            
REMARK 290   SMTRY3   1  0.000000  0.000000  1.000000        0.00000            
REMARK 290   SMTRY1   2 -0.500000 -0.866025  0.000000        0.00000            
REMARK 290   SMTRY2   2  0.866025 -0.500000  0.000000        0.00000            
REMARK 290   SMTRY3   2  0.000000  0.000000  1.000000        0.00000            
REMARK 290   SMTRY1   3 -0.500000  0.866025  0.000000        0.00000            
REMARK 290   SMTRY2   3 -0.866025 -0.500000  0.000000        0.00000            
REMARK 290   SMTRY3   3  0.000000  0.000000  1.000000        0.00000            
REMARK 290   SMTRY1   4 -0.500000  0.866025  0.000000        0.00000            
REMARK 290   SMTRY2   4  0.866025  0.500000  0.000000        0.00000            
REMARK 290   SMTRY3   4  0.000000  0.000000 -1.000000        0.00000            
REMARK 290   SMTRY1   5  1.000000  0.000000  0.000000        0.00000            
REMARK 290   SMTRY2   5  0.000000 -1.000000  0.000000        0.00000            
REMARK 290   SMTRY3   5  0.000000  0.000000 -1.000000        0.00000            
REMARK 290   SMTRY1   6 -0.500000 -0.866025  0.000000        0.00000            
REMARK 290   SMTRY2   6 -0.866025  0.500000  0.000000        0.00000            
REMARK 290   SMTRY3   6  0.000000  0.000000 -1.000000        0.00000            
REMARK 290   SMTRY1   7  1.000000  0.000000  0.000000      167.15000            
REMARK 290   SMTRY2   7  0.000000  1.000000  0.000000       96.50410            
REMARK 290   SMTRY3   7  0.000000  0.000000  1.000000      252.50000            
REMARK 290   SMTRY1   8 -0.500000 -0.866025  0.000000      167.15000            
REMARK 290   SMTRY2   8  0.866025 -0.500000  0.000000       96.50410            
REMARK 290   SMTRY3   8  0.000000  0.000000  1.000000      252.50000            
REMARK 290   SMTRY1   9 -0.500000  0.866025  0.000000      167.15000            
REMARK 290   SMTRY2   9 -0.866025 -0.500000  0.000000       96.50410            
REMARK 290   SMTRY3   9  0.000000  0.000000  1.000000      252.50000            
REMARK 290   SMTRY1  10 -0.500000  0.866025  0.000000      167.15000            
REMARK 290   SMTRY2  10  0.866025  0.500000  0.000000       96.50410            
REMARK 290   SMTRY3  10  0.000000  0.000000 -1.000000      252.50000            
REMARK 290   SMTRY1  11  1.000000  0.000000  0.000000      167.15000            
REMARK 290   SMTRY2  11  0.000000 -1.000000  0.000000       96.50410            
REMARK 290   SMTRY3  11  0.000000  0.000000 -1.000000      252.50000            
REMARK 290   SMTRY1  12 -0.500000 -0.866025  0.000000      167.15000            
REMARK 290   SMTRY2  12 -0.866025  0.500000  0.000000       96.50410            
REMARK 290   SMTRY3  12  0.000000  0.000000 -1.000000      252.50000            
REMARK 290   SMTRY1  13  1.000000  0.000000  0.000000        0.00000            
REMARK 290   SMTRY2  13  0.000000  1.000000  0.000000      193.00819            
REMARK 290   SMTRY3  13  0.000000  0.000000  1.000000      505.00000            
REMARK 290   SMTRY1  14 -0.500000 -0.866025  0.000000        0.00000            
REMARK 290   SMTRY2  14  0.866025 -0.500000  0.000000      193.00819            
REMARK 290   SMTRY3  14  0.000000  0.000000  1.000000      505.00000            
REMARK 290   SMTRY1  15 -0.500000  0.866025  0.000000        0.00000            
REMARK 290   SMTRY2  15 -0.866025 -0.500000  0.000000      193.00819            
REMARK 290   SMTRY3  15  0.000000  0.000000  1.000000      505.00000            
REMARK 290   SMTRY1  16 -0.500000  0.866025  0.000000        0.00000            
REMARK 290   SMTRY2  16  0.866025  0.500000  0.000000      193.00819            
REMARK 290   SMTRY3  16  0.000000  0.000000 -1.000000      505.00000            
REMARK 290   SMTRY1  17  1.000000  0.000000  0.000000        0.00000            
REMARK 290   SMTRY2  17  0.000000 -1.000000  0.000000      193.00819            
REMARK 290   SMTRY3  17  0.000000  0.000000 -1.000000      505.00000            
REMARK 290   SMTRY1  18 -0.500000 -0.866025  0.000000        0.00000            
REMARK 290   SMTRY2  18 -0.866025  0.500000  0.000000      193.00819            
REMARK 290   SMTRY3  18  0.000000  0.000000 -1.000000      505.00000            
REMARK 290                                                                      
REMARK 290 REMARK: NULL                                                         
REMARK 300                                                                      
REMARK 300 BIOMOLECULE: 1                                                       
REMARK 300 SEE REMARK 350 FOR THE AUTHOR PROVIDED AND/OR PROGRAM                
REMARK 300 GENERATED ASSEMBLY INFORMATION FOR THE STRUCTURE IN                  
REMARK 300 THIS ENTRY. THE REMARK MAY ALSO PROVIDE INFORMATION ON               
REMARK 300 BURIED SURFACE AREA.                                                 
REMARK 300 THE ASSEMBLY REPRESENTED IN THIS ENTRY HAS REGULAR                   
REMARK 300 ICOSAHEDRAL POINT SYMMETRY (SCHOENFLIES SYMBOL = I).                 
REMARK 350                                                                      
REMARK 350 COORDINATES FOR A COMPLETE MULTIMER REPRESENTING THE KNOWN           
REMARK 350 BIOLOGICALLY SIGNIFICANT OLIGOMERIZATION STATE OF THE                
REMARK 350 MOLECULE CAN BE GENERATED BY APPLYING BIOMT TRANSFORMATIONS          
REMARK 350 GIVEN BELOW.  BOTH NON-CRYSTALLOGRAPHIC AND                          
REMARK 350 CRYSTALLOGRAPHIC OPERATIONS ARE GIVEN.                               
REMARK 350                                                                      
REMARK 350 BIOMOLECULE: 1                                                       
REMARK 350 APPLY THE FOLLOWING TO CHAINS: A, B, C                               
REMARK 350   BIOMT1   1  1.000000  0.000000  0.000000        0.00000            
REMARK 350   BIOMT2   1  0.000000  1.000000  0.000000        0.00000            
REMARK 350   BIOMT3   1  0.000000  0.000000  1.000000        0.00000            
REMARK 350   BIOMT1   2  0.309017 -0.809017 -0.500000        0.00000            
REMARK 350   BIOMT2   2  0.809017  0.500000 -0.309017        0.00000            
REMARK 350   BIOMT3   2  0.500000 -0.309017  0.809017        0.00000            
REMARK 350   BIOMT1   3 -0.809017 -0.500000 -0.309017        0.00000            
REMARK 350   BIOMT2   3  0.500000 -0.309017 -0.809017        0.00000            
REMARK 350   BIOMT3   3  0.309017 -0.809017  0.500000        0.00000            
REMARK 350   BIOMT1   4 -0.809017  0.500000  0.309017        0.00000            
REMARK 350   BIOMT2   4 -0.500000 -0.309017 -0.809017        0.00000            
REMARK 350   BIOMT3   4 -0.309017 -0.809017  0.500000        0.00000            
REMARK 350   BIOMT1   5  0.309017  0.809017  0.500000        0.00000            
REMARK 350   BIOMT2   5 -0.809017  0.500000 -0.309017        0.00000            
REMARK 350   BIOMT3   5 -0.500000 -0.309017  0.809017        0.00000            
REMARK 350   BIOMT1   6 -1.000000  0.000000  0.000000        0.00000            
REMARK 350   BIOMT2   6  0.000000 -1.000000  0.000000        0.00000            
REMARK 350   BIOMT3   6  0.000000  0.000000  1.000000        0.00000            
REMARK 350   BIOMT1   7 -0.309017  0.809017  0.500000        0.00000            
REMARK 350   BIOMT2   7 -0.809017 -0.500000  0.309017        0.00000            
REMARK 350   BIOMT3   7  0.500000 -0.309017  0.809017        0.00000            
REMARK 350   BIOMT1   8  0.809017  0.500000  0.309017        0.00000            
REMARK 350   BIOMT2   8 -0.500000  0.309017  0.809017        0.00000            
REMARK 350   BIOMT3   8  0.309017 -0.809017  0.500000        0.00000            
REMARK 350   BIOMT1   9  0.809017 -0.500000 -0.309017        0.00000            
REMARK 350   BIOMT2   9  0.500000  0.309017  0.809017        0.00000            
REMARK 350   BIOMT3   9 -0.309017 -0.809017  0.500000        0.00000            
REMARK 350   BIOMT1  10 -0.309017 -0.809017 -0.500000        0.00000            
REMARK 350   BIOMT2  10  0.809017 -0.500000  0.309017        0.00000            
REMARK 350   BIOMT3  10 -0.500000 -0.309017  0.809017        0.00000            
REMARK 350   BIOMT1  11 -1.000000  0.000000  0.000000        0.00000            
REMARK 350   BIOMT2  11  0.000000  1.000000  0.000000        0.00000            
REMARK 350   BIOMT3  11  0.000000  0.000000 -1.000000        0.00000            
REMARK 350   BIOMT1  12 -0.309017  0.809017  0.500000        0.00000            
REMARK 350   BIOMT2  12  0.809017  0.500000 -0.309017        0.00000            
REMARK 350   BIOMT3  12 -0.500000  0.309017 -0.809017        0.00000            
REMARK 350   BIOMT1  13  0.809017  0.500000  0.309017        0.00000            
REMARK 350   BIOMT2  13  0.500000 -0.309017 -0.809017        0.00000            
REMARK 350   BIOMT3  13 -0.309017  0.809017 -0.500000        0.00000            
REMARK 350   BIOMT1  14  0.809017 -0.500000 -0.309017        0.00000            
REMARK 350   BIOMT2  14 -0.500000 -0.309017 -0.809017        0.00000            
REMARK 350   BIOMT3  14  0.309017  0.809017 -0.500000        0.00000            
REMARK 350   BIOMT1  15 -0.309017 -0.809017 -0.500000        0.00000            
REMARK 350   BIOMT2  15 -0.809017  0.500000 -0.309017        0.00000            
REMARK 350   BIOMT3  15  0.500000  0.309017 -0.809017        0.00000            
REMARK 350   BIOMT1  16  1.000000  0.000000  0.000000        0.00000            
REMARK 350   BIOMT2  16  0.000000 -1.000000  0.000000        0.00000            
REMARK 350   BIOMT3  16  0.000000  0.000000 -1.000000        0.00000            
REMARK 350   BIOMT1  17  0.309017 -0.809017 -0.500000        0.00000            
REMARK 350   BIOMT2  17 -0.809017 -0.500000  0.309017        0.00000            
REMARK 350   BIOMT3  17 -0.500000  0.309017 -0.809017        0.00000            
REMARK 350   BIOMT1  18 -0.809017 -0.500000 -0.309017        0.00000            
REMARK 350   BIOMT2  18 -0.500000  0.309017  0.809017        0.00000            
REMARK 350   BIOMT3  18 -0.309017  0.809017 -0.500000        0.00000            
REMARK 350   BIOMT1  19 -0.809017  0.500000  0.309017        0.00000            
REMARK 350   BIOMT2  19  0.500000  0.309017  0.809017        0.00000            
REMARK 350   BIOMT3  19  0.309017  0.809017 -0.500000        0.00000            
REMARK 350   BIOMT1  20  0.309017  0.809017  0.500000        0.00000            
REMARK 350   BIOMT2  20  0.809017 -0.500000  0.309017        0.00000            
REMARK 350   BIOMT3  20  0.500000  0.309017 -0.809017        0.00000            
REMARK 350   BIOMT1  21  0.000000  0.000000 -1.000000        0.00000            
REMARK 350   BIOMT2  21  1.000000  0.000000  0.000000        0.00000            
REMARK 350   BIOMT3  21  0.000000 -1.000000  0.000000        0.00000            
REMARK 350   BIOMT1  22 -0.500000  0.309017 -0.809017        0.00000            
REMARK 350   BIOMT2  22  0.309017 -0.809017 -0.500000        0.00000            
REMARK 350   BIOMT3  22 -0.809017 -0.500000  0.309017        0.00000            
REMARK 350   BIOMT1  23 -0.309017  0.809017 -0.500000        0.00000            
REMARK 350   BIOMT2  23 -0.809017 -0.500000 -0.309017        0.00000            
REMARK 350   BIOMT3  23 -0.500000  0.309017  0.809017        0.00000            
REMARK 350   BIOMT1  24  0.309017  0.809017 -0.500000        0.00000            
REMARK 350   BIOMT2  24 -0.809017  0.500000  0.309017        0.00000            
REMARK 350   BIOMT3  24  0.500000  0.309017  0.809017        0.00000            
REMARK 350   BIOMT1  25  0.500000  0.309017 -0.809017        0.00000            
REMARK 350   BIOMT2  25  0.309017  0.809017  0.500000        0.00000            
REMARK 350   BIOMT3  25  0.809017 -0.500000  0.309017        0.00000            
REMARK 350   BIOMT1  26  0.000000  0.000000 -1.000000        0.00000            
REMARK 350   BIOMT2  26 -1.000000  0.000000  0.000000        0.00000            
REMARK 350   BIOMT3  26  0.000000  1.000000  0.000000        0.00000            
REMARK 350   BIOMT1  27 -0.500000  0.309017 -0.809017        0.00000            
REMARK 350   BIOMT2  27 -0.309017  0.809017  0.500000        0.00000            
REMARK 350   BIOMT3  27  0.809017  0.500000 -0.309017        0.00000            
REMARK 350   BIOMT1  28 -0.309017  0.809017 -0.500000        0.00000            
REMARK 350   BIOMT2  28  0.809017  0.500000  0.309017        0.00000            
REMARK 350   BIOMT3  28  0.500000 -0.309017 -0.809017        0.00000            
REMARK 350   BIOMT1  29  0.309017  0.809017 -0.500000        0.00000            
REMARK 350   BIOMT2  29  0.809017 -0.500000 -0.309017        0.00000            
REMARK 350   BIOMT3  29 -0.500000 -0.309017 -0.809017        0.00000            
REMARK 350   BIOMT1  30  0.500000  0.309017 -0.809017        0.00000            
REMARK 350   BIOMT2  30 -0.309017 -0.809017 -0.500000        0.00000            
REMARK 350   BIOMT3  30 -0.809017  0.500000 -0.309017        0.00000            
REMARK 350   BIOMT1  31  0.000000  0.000000  1.000000        0.00000            
REMARK 350   BIOMT2  31 -1.000000  0.000000  0.000000        0.00000            
REMARK 350   BIOMT3  31  0.000000 -1.000000  0.000000        0.00000            
REMARK 350   BIOMT1  32  0.500000 -0.309017  0.809017        0.00000            
REMARK 350   BIOMT2  32 -0.309017  0.809017  0.500000        0.00000            
REMARK 350   BIOMT3  32 -0.809017 -0.500000  0.309017        0.00000            
REMARK 350   BIOMT1  33  0.309017 -0.809017  0.500000        0.00000            
REMARK 350   BIOMT2  33  0.809017  0.500000  0.309017        0.00000            
REMARK 350   BIOMT3  33 -0.500000  0.309017  0.809017        0.00000            
REMARK 350   BIOMT1  34 -0.309017 -0.809017  0.500000        0.00000            
REMARK 350   BIOMT2  34  0.809017 -0.500000 -0.309017        0.00000            
REMARK 350   BIOMT3  34  0.500000  0.309017  0.809017        0.00000            
REMARK 350   BIOMT1  35 -0.500000 -0.309017  0.809017        0.00000            
REMARK 350   BIOMT2  35 -0.309017 -0.809017 -0.500000        0.00000            
REMARK 350   BIOMT3  35  0.809017 -0.500000  0.309017        0.00000            
REMARK 350   BIOMT1  36  0.000000  0.000000  1.000000        0.00000            
REMARK 350   BIOMT2  36  1.000000  0.000000  0.000000        0.00000            
REMARK 350   BIOMT3  36  0.000000  1.000000  0.000000        0.00000            
REMARK 350   BIOMT1  37  0.500000 -0.309017  0.809017        0.00000            
REMARK 350   BIOMT2  37  0.309017 -0.809017 -0.500000        0.00000            
REMARK 350   BIOMT3  37  0.809017  0.500000 -0.309017        0.00000            
REMARK 350   BIOMT1  38  0.309017 -0.809017  0.500000        0.00000            
REMARK 350   BIOMT2  38 -0.809017 -0.500000 -0.309017        0.00000            
REMARK 350   BIOMT3  38  0.500000 -0.309017 -0.809017        0.00000            
REMARK 350   BIOMT1  39 -0.309017 -0.809017  0.500000        0.00000            
REMARK 350   BIOMT2  39 -0.809017  0.500000  0.309017        0.00000            
REMARK 350   BIOMT3  39 -0.500000 -0.309017 -0.809017        0.00000            
REMARK 350   BIOMT1  40 -0.500000 -0.309017  0.809017        0.00000            
REMARK 350   BIOMT2  40  0.309017  0.809017  0.500000        0.00000            
REMARK 350   BIOMT3  40 -0.809017  0.500000 -0.309017        0.00000            
REMARK 350   BIOMT1  41  0.000000  1.000000  0.000000        0.00000            
REMARK 350   BIOMT2  41  0.000000  0.000000 -1.000000        0.00000            
REMARK 350   BIOMT3  41 -1.000000  0.000000  0.000000        0.00000            
REMARK 350   BIOMT1  42  0.809017  0.500000 -0.309017        0.00000            
REMARK 350   BIOMT2  42 -0.500000  0.309017 -0.809017        0.00000            
REMARK 350   BIOMT3  42 -0.309017  0.809017  0.500000        0.00000            
REMARK 350   BIOMT1  43  0.500000 -0.309017 -0.809017        0.00000            
REMARK 350   BIOMT2  43 -0.309017  0.809017 -0.500000        0.00000            
REMARK 350   BIOMT3  43  0.809017  0.500000  0.309017        0.00000            
REMARK 350   BIOMT1  44 -0.500000 -0.309017 -0.809017        0.00000            
REMARK 350   BIOMT2  44  0.309017  0.809017 -0.500000        0.00000            
REMARK 350   BIOMT3  44  0.809017 -0.500000 -0.309017        0.00000            
REMARK 350   BIOMT1  45 -0.809017  0.500000 -0.309017        0.00000            
REMARK 350   BIOMT2  45  0.500000  0.309017 -0.809017        0.00000            
REMARK 350   BIOMT3  45 -0.309017 -0.809017 -0.500000        0.00000            
REMARK 350   BIOMT1  46  0.000000 -1.000000  0.000000        0.00000            
REMARK 350   BIOMT2  46  0.000000  0.000000 -1.000000        0.00000            
REMARK 350   BIOMT3  46  1.000000  0.000000  0.000000        0.00000            
REMARK 350   BIOMT1  47 -0.809017 -0.500000  0.309017        0.00000            
REMARK 350   BIOMT2  47 -0.500000  0.309017 -0.809017        0.00000            
REMARK 350   BIOMT3  47  0.309017 -0.809017 -0.500000        0.00000            
REMARK 350   BIOMT1  48 -0.500000  0.309017  0.809017        0.00000            
REMARK 350   BIOMT2  48 -0.309017  0.809017 -0.500000        0.00000            
REMARK 350   BIOMT3  48 -0.809017 -0.500000 -0.309017        0.00000            
REMARK 350   BIOMT1  49  0.500000  0.309017  0.809017        0.00000            
REMARK 350   BIOMT2  49  0.309017  0.809017 -0.500000        0.00000            
REMARK 350   BIOMT3  49 -0.809017  0.500000  0.309017        0.00000            
REMARK 350   BIOMT1  50  0.809017 -0.500000  0.309017        0.00000            
